25
1 20833.3333 17100.0000
1 20900.0000 17066.6667
1 21300.0000 13016.6667
1 21600.0000 14150.0000
1 21600.0000 14966.6667
1 21600.0000 16500.0000
1 22183.3333 13133.3333
1 22583.3333 14300.0000
1 22683.3333 12716.6667
1 23616.6667 15866.6667
1 23700.0000 15933.3333
1 23883.3333 14533.3333
1 24166.6667 13250.0000
1 25149.1667 12365.8333
1 26133.3333 14500.0000
1 26150.0000 10550.0000
1 26283.3333 12766.6667
1 26433.3333 13433.3333
1 26550.0000 13850.0000
1 26733.3333 11683.3333
1 27026.1111 13051.9444
1 27096.1111 13415.8333
1 27153.6111 13203.3333
1 27166.6667 9833.3333
1 27233.3333 10450.0000
